version https://git-lfs.github.com/spec/v1
oid sha256:25a14a8d25e6c8ebdfdcd1ac623f18e700ba796ed315b59a5037fb515cdf5e28
size 3013
